camera:
  fov_y: 0.2755954
  aspect_ratio: 1.777777777
