frames:
- frame: 1
  pose:
    R:
    - [0.8158546686172485, 0.1094299927353859, -0.567808210849762]
    - [-0.10729455202817917, 0.9935269951820374, 0.03730993717908859]
    - [0.568215548992157, 0.03048323653638363, 0.8223149180412292]
    t: [0.5905934572219849, -0.051401857286691666, 0.25074511766433716]
- frame: 2
  pose:
    R:
    - [0.8158467411994934, 0.10943298041820526, -0.5678191184997559]
    - [-0.10729740560054779, 0.9935266375541687, 0.037311770021915436]
    - [0.5682265162467957, 0.03048483096063137, 0.8223073482513428]
    t: [0.5905954837799072, -0.0513988733291626, 0.2507473826408386]
- frame: 3
  pose:
    R:
    - [0.8158355951309204, 0.10943060368299484, -0.5678354501724243]
    - [-0.10729482769966125, 0.9935268759727478, 0.03731238842010498]
    - [0.5682429671287537, 0.030485032126307487, 0.8222959041595459]
    t: [0.5905975103378296, -0.05139603838324547, 0.25074952840805054]
- frame: 4
  pose:
    R:
    - [0.8158271312713623, 0.10942762345075607, -0.5678483247756958]
    - [-0.10729730129241943, 0.9935268759727478, 0.03730439022183418]
    - [0.5682546496391296, 0.030494660139083862, 0.8222874999046326]
    t: [0.590599536895752, -0.05139334499835968, 0.2507515549659729]
- frame: 5
  pose:
    R:
    - [0.8158279061317444, 0.1094270795583725, -0.5678473114967346]
    - [-0.10729985684156418, 0.9935267567634583, 0.03729968145489693]
    - [0.5682530999183655, 0.030499815940856934, 0.8222883343696594]
    t: [0.5906015634536743, -0.051390912383794785, 0.25075337290763855]
- frame: 6
  pose:
    R:
    - [0.8158300518989563, 0.10942786931991577, -0.567844033241272]
    - [-0.10729964822530746, 0.9935267567634583, 0.03730114549398422]
    - [0.5682500600814819, 0.030498074367642403, 0.8222905397415161]
    t: [0.5906035304069519, -0.05138880014419556, 0.2507549524307251]
- frame: 7
  pose:
    R:
    - [0.8158311247825623, 0.10941624641418457, -0.5678446888923645]
    - [-0.1072879210114479, 0.9935280680656433, 0.03729768097400665]
    - [0.5682506561279297, 0.030494270846247673, 0.8222902417182922]
    t: [0.5906054377555847, -0.05138707533478737, 0.25075629353523254]
- frame: 8
  pose:
    R:
    - [0.8158225417137146, 0.10940712690353394, -0.5678587555885315]
    - [-0.10728111118078232, 0.9935290813446045, 0.03729238361120224]
    - [0.5682643055915833, 0.03049655258655548, 0.822280764579773]
    t: [0.5906072854995728, -0.0513857901096344, 0.2507573962211609]
- frame: 9
  pose:
    R:
    - [0.8158192038536072, 0.10941445827484131, -0.5678621530532837]
    - [-0.10729159414768219, 0.9935280084609985, 0.037290364503860474]
    - [0.5682670474052429, 0.030504638329148293, 0.8222784996032715]
    t: [0.5906088948249817, -0.05138499662280083, 0.2507583498954773]
- frame: 10
  pose:
    R:
    - [0.8158257007598877, 0.10941611230373383, -0.5678526163101196]
    - [-0.10729648917913437, 0.9935276508331299, 0.03728555515408516]
    - [0.5682569146156311, 0.030510079115629196, 0.8222854137420654]
    t: [0.5906102061271667, -0.05138474330306053, 0.2507592737674713]
- frame: 11
  pose:
    R:
    - [0.8158375024795532, 0.1094171404838562, -0.5678354501724243]
    - [-0.10729013383388519, 0.9935280084609985, 0.03729546442627907]
    - [0.5682411789894104, 0.03049609810113907, 0.8222967386245728]
    t: [0.5906111598014832, -0.051385097205638885, 0.2507602572441101]
- frame: 12
  pose:
    R:
    - [0.815834105014801, 0.10940881818532944, -0.5678418874740601]
    - [-0.10728040337562561, 0.9935290217399597, 0.03729530796408653]
    - [0.5682478547096252, 0.03049151599407196, 0.8222923278808594]
    t: [0.5906116962432861, -0.051386117935180664, 0.2507614493370056]
- frame: 13
  pose:
    R:
    - [0.8158299922943115, 0.10940153151750565, -0.5678492188453674]
    - [-0.10728359967470169, 0.9935293197631836, 0.03727830946445465]
    - [0.5682531595230103, 0.030508140102028847, 0.8222880959510803]
    t: [0.5906116366386414, -0.05138787254691124, 0.25076305866241455]
- frame: 14
  pose:
    R:
    - [0.8158333897590637, 0.10939724743366241, -0.5678451061248779]
    - [-0.1072700247168541, 0.9935303330421448, 0.037290118634700775]
    - [0.5682507753372192, 0.030490238219499588, 0.822290301322937]
    t: [0.5906109809875488, -0.05139040946960449, 0.2507651150226593]
- frame: 15
  pose:
    R:
    - [0.8158255815505981, 0.10940659046173096, -0.5678545236587524]
    - [-0.10727524757385254, 0.9935293793678284, 0.03729964792728424]
    - [0.5682610273361206, 0.03048672527074814, 0.8222833871841431]
    t: [0.5906096696853638, -0.05139373615384102, 0.25076770782470703]
- frame: 16
  pose:
    R:
    - [0.8158243894577026, 0.1094074696302414, -0.5678560733795166]
    - [-0.10727515816688538, 0.9935293793678284, 0.037301428616046906]
    - [0.5682627558708191, 0.030485430732369423, 0.8222821950912476]
    t: [0.5906077027320862, -0.05139779672026634, 0.25077077746391296]
- frame: 17
  pose:
    R:
    - [0.8158234357833862, 0.10940788686275482, -0.5678575038909912]
    - [-0.10727299004793167, 0.9935294985771179, 0.03730540722608566]
    - [0.5682646632194519, 0.030481144785881042, 0.8222811222076416]
    t: [0.5906050801277161, -0.05140245333313942, 0.250774085521698]
- frame: 18
  pose:
    R:
    - [0.8158342242240906, 0.10941488295793533, -0.5678406357765198]
    - [-0.10727930814027786, 0.9935287237167358, 0.03730747848749161]
    - [0.5682479739189148, 0.03048083744943142, 0.8222926259040833]
    t: [0.5906019806861877, -0.051407478749752045, 0.25077736377716064]
- frame: 19
  pose:
    R:
    - [0.8158458471298218, 0.10941323637962341, -0.5678241848945618]
    - [-0.10726775228977203, 0.9935294985771179, 0.037320226430892944]
    - [0.5682333707809448, 0.03046167455613613, 0.8223033547401428]
    t: [0.5905985236167908, -0.05141254886984825, 0.25078022480010986]
- frame: 20
  pose:
    R:
    - [0.8158442378044128, 0.10941056162118912, -0.567827045917511]
    - [-0.1072610467672348, 0.9935300350189209, 0.03732539340853691]
    - [0.5682370066642761, 0.030454017221927643, 0.8223012089729309]
    t: [0.590595006942749, -0.05141729116439819, 0.25078222155570984]
- frame: 21
  pose:
    R:
    - [0.8158407807350159, 0.10937318205833435, -0.5678392648696899]
    - [-0.10724150389432907, 0.9935334920883179, 0.0372886024415493]
    - [0.5682457089424133, 0.030474374070763588, 0.8222944736480713]
    t: [0.5905916094779968, -0.05142131820321083, 0.2507830262184143]
- frame: 22
  pose:
    R:
    - [0.8158450722694397, 0.10937686264514923, -0.5678322911262512]
    - [-0.10721976310014725, 0.9935344457626343, 0.03732610493898392]
    - [0.5682435035705566, 0.030430519953370094, 0.8222975730895996]
    t: [0.5905886292457581, -0.0514242947101593, 0.2507823407649994]
- frame: 23
  pose:
    R:
    - [0.8158515095710754, 0.10939456522464752, -0.5678195953369141]
    - [-0.10722509771585464, 0.9935330152511597, 0.03734875097870827]
    - [0.5682333111763, 0.03041348233819008, 0.8223052024841309]
    t: [0.5905864238739014, -0.0514259971678257, 0.25078022480010986]
- frame: 24
  pose:
    R:
    - [0.8158426284790039, 0.10940152406692505, -0.5678309798240662]
    - [-0.10725162923336029, 0.9935311079025269, 0.037323374301195145]
    - [0.5682410001754761, 0.03045080415904522, 0.822298526763916]
    t: [0.5905851721763611, -0.05142635479569435, 0.25077682733535767]
- frame: 25
  pose:
    R:
    - [0.8158413767814636, 0.10942397266626358, -0.5678284168243408]
    - [-0.10728434473276138, 0.993527889251709, 0.03731540963053703]
    - [0.5682365894317627, 0.03047564998269081, 0.8223006725311279]
    t: [0.5905851125717163, -0.05142546072602272, 0.250772625207901]
- frame: 26
  pose:
    R:
    - [0.8158785104751587, 0.10939404368400574, -0.5677809715270996]
    - [-0.10723909735679626, 0.9935324192047119, 0.03732505068182945]
    - [0.5681919455528259, 0.03043561615049839, 0.8223329782485962]
    t: [0.5905863046646118, -0.0514235720038414, 0.2507682144641876]
- frame: 27
  pose:
    R:
    - [0.8158835768699646, 0.1093890592455864, -0.5677745938301086]
    - [-0.10722075402736664, 0.993533730506897, 0.0373423807322979]
    - [0.5681881308555603, 0.03041018918156624, 0.8223366141319275]
    t: [0.5905888676643372, -0.05142106115818024, 0.25076422095298767]
- frame: 28
  pose:
    R:
    - [0.8158475160598755, 0.1093980222940445, -0.5678247213363647]
    - [-0.10724666714668274, 0.9935316443443298, 0.03732394799590111]
    - [0.568234920501709, 0.030446656048297882, 0.8223029375076294]
    t: [0.5905925631523132, -0.05141833797097206, 0.2507612407207489]
- frame: 29
  pose:
    R:
    - [0.8158466219902039, 0.10937250405550003, -0.5678309202194214]
    - [-0.10724261403083801, 0.9935334920883179, 0.037285249680280685]
    - [0.5682370662689209, 0.030476631596684456, 0.8223003149032593]
    t: [0.5905972719192505, -0.05141579359769821, 0.2507596015930176]
- frame: 30
  pose:
    R:
    - [0.8157994747161865, 0.10940965265035629, -0.567891538143158]
    - [-0.10724665969610214, 0.9935306906700134, 0.037348825484514236]
    - [0.5683039426803589, 0.030435314401984215, 0.8222556114196777]
    t: [0.5906025171279907, -0.05141372233629227, 0.2507593631744385]
- frame: 31
  pose:
    R:
    - [0.815799355506897, 0.10941894352436066, -0.5678898692131042]
    - [-0.10728243738412857, 0.9935281872749329, 0.03731332719326019]
    - [0.5682973265647888, 0.03048441745340824, 0.8222584128379822]
    t: [0.5906078815460205, -0.051412299275398254, 0.25076037645339966]
- frame: 32
  pose:
    R:
    - [0.8158133625984192, 0.10940952599048615, -0.5678715705871582]
    - [-0.10728278756141663, 0.9935287833213806, 0.03729502484202385]
    - [0.5682772397994995, 0.030497068539261818, 0.8222718238830566]
    t: [0.5906128287315369, -0.05141153559088707, 0.25076207518577576]
- frame: 33
  pose:
    R:
    - [0.8158460259437561, 0.10940507054328918, -0.5678254961967468]
    - [-0.1072949469089508, 0.9935285449028015, 0.0372665598988533]
    - [0.568228006362915, 0.030521027743816376, 0.8223049640655518]
    t: [0.5906167030334473, -0.05141132324934006, 0.2507639229297638]
- frame: 34
  pose:
    R:
    - [0.8158377408981323, 0.1094118058681488, -0.5678361654281616]
    - [-0.10729928314685822, 0.9935278296470642, 0.037272851914167404]
    - [0.5682390928268433, 0.030519811436533928, 0.8222973346710205]
    t: [0.5906191468238831, -0.0514114610850811, 0.25076526403427124]
- frame: 35
  pose:
    R:
    - [0.815832257270813, 0.10945212841033936, -0.5678361058235168]
    - [-0.10732346773147583, 0.993523895740509, 0.03730892390012741]
    - [0.5682423114776611, 0.030504319816827774, 0.822295606136322]
    t: [0.5906198024749756, -0.0514117106795311, 0.2507655918598175]
- frame: 36
  pose:
    R:
    - [0.815883457660675, 0.10939760506153107, -0.567773163318634]
    - [-0.10726631432771683, 0.9935306906700134, 0.03729142248630524]
    - [0.568179726600647, 0.030477482825517654, 0.8223399519920349]
    t: [0.590618371963501, -0.05141184851527214, 0.2507646083831787]
- frame: 37
  pose:
    R:
    - [0.8158809542655945, 0.10934779047966003, -0.5677863359451294]
    - [-0.10725177824497223, 0.9935348033905029, 0.037225548177957535]
    - [0.5681859850883484, 0.03052447736263275, 0.822333812713623]
    t: [0.5906149744987488, -0.0514117069542408, 0.2507622241973877]
- frame: 38
  pose:
    R:
    - [0.8158898949623108, 0.10934027284383774, -0.5677748918533325]
    - [-0.10724825412034988, 0.9935354590415955, 0.037216637283563614]
    - [0.5681737661361694, 0.03052818775177002, 0.8223420977592468]
    t: [0.5906096696853638, -0.05141120404005051, 0.25075849890708923]
- frame: 39
  pose:
    R:
    - [0.8158376216888428, 0.10934185981750488, -0.5678496360778809]
    - [-0.10723039507865906, 0.993536114692688, 0.03725016117095947]
    - [0.5682521462440491, 0.030500661581754684, 0.822288990020752]
    t: [0.5906025767326355, -0.05141032859683037, 0.25075358152389526]
- frame: 40
  pose:
    R:
    - [0.8158037662506104, 0.10938867181539536, -0.567889392375946]
    - [-0.10729097574949265, 0.9935296773910522, 0.03724760189652443]
    - [0.5682893991470337, 0.03054267354309559, 0.8222616910934448]
    t: [0.5905939340591431, -0.05140913277864456, 0.25074756145477295]
- frame: 41
  pose:
    R:
    - [0.8158313632011414, 0.10936559736728668, -0.5678541660308838]
    - [-0.10727847367525101, 0.9935319423675537, 0.03722270950675011]
    - [0.5682521462440491, 0.030551079660654068, 0.8222871422767639]
    t: [0.5905836820602417, -0.05140770226716995, 0.2507403790950775]
- frame: 42
  pose:
    R:
    - [0.8158480525016785, 0.10934150964021683, -0.5678347945213318]
    - [-0.10725568979978561, 0.9935348629951477, 0.03721196949481964]
    - [0.568232536315918, 0.03054419718682766, 0.8223009705543518]
    t: [0.5905717015266418, -0.05140610411763191, 0.2507317364215851]
- frame: 43
  pose:
    R:
    - [0.8158324360847473, 0.10935099422931671, -0.5678554773330688]
    - [-0.10729946941137314, 0.9935318231582642, 0.03716668859124184]
    - [0.5682467222213745, 0.030608803033828735, 0.8222886919975281]
    t: [0.5905576348304749, -0.05140438675880432, 0.2507210671901703]
- frame: 44
  pose:
    R:
    - [0.8158542513847351, 0.10936863720417023, -0.56782066822052]
    - [-0.10731827467679977, 0.9935296773910522, 0.03716828301548958]
    - [0.5682117342948914, 0.03061363287270069, 0.8223127126693726]
    t: [0.5905407071113586, -0.051402539014816284, 0.2507074773311615]
- frame: 45
  pose:
    R:
    - [0.8158539533615112, 0.10937940329313278, -0.5678191184997559]
    - [-0.10731394588947296, 0.9935292601585388, 0.037193410098552704]
    - [0.5682131052017212, 0.030590519309043884, 0.8223127126693726]
    t: [0.5905201435089111, -0.05140049010515213, 0.25068986415863037]
- frame: 46
  pose:
    R:
    - [0.815909743309021, 0.10936078429222107, -0.5677425265312195]
    - [-0.10732903331518173, 0.9935298562049866, 0.03713374212384224]
    - [0.5681300759315491, 0.030637472867965698, 0.8223682641983032]
    t: [0.5904946327209473, -0.05139809846878052, 0.25066685676574707]
- frame: 47
  pose:
    R:
    - [0.8159345388412476, 0.10930880904197693, -0.5677168369293213]
    - [-0.10728447884321213, 0.9935357570648193, 0.03710494190454483]
    - [0.5681028366088867, 0.03063199482858181, 0.8223872780799866]
    t: [0.5904626250267029, -0.051395170390605927, 0.2506367564201355]
- frame: 48
  pose:
    R:
    - [0.8158630132675171, 0.10935012996196747, -0.5678116679191589]
    - [-0.10731736570596695, 0.9935309886932373, 0.03713638707995415]
    - [0.5681993365287781, 0.03063785284757614, 0.8223204016685486]
    t: [0.5904222130775452, -0.05139145627617836, 0.25059768557548523]
- frame: 49
  pose:
    R:
    - [0.815900981426239, 0.10934728384017944, -0.5677576661109924]
    - [-0.10732994973659515, 0.9935306906700134, 0.0371096134185791]
    - [0.5681424736976624, 0.03065963089466095, 0.8223588466644287]
    t: [0.5903708338737488, -0.05138664320111275, 0.2505473494529724]
- frame: 50
  pose:
    R:
    - [0.8159307241439819, 0.10935191810131073, -0.5677139163017273]
    - [-0.1073383241891861, 0.9935299754142761, 0.037102796137332916]
    - [0.5680980682373047, 0.03066415525972843, 0.8223893046379089]
    t: [0.5903054475784302, -0.05138038098812103, 0.25048312544822693]
- frame: 51
  pose:
    R:
    - [0.8160075545310974, 0.10938047617673874, -0.5675980448722839]
    - [-0.10737139731645584, 0.9935266375541687, 0.037097636610269547]
    - [0.5679815411567688, 0.030671847984194756, 0.8224695324897766]
    t: [0.5902225375175476, -0.05137225240468979, 0.2504020035266876]
- frame: 52
  pose:
    R:
    - [0.8160948157310486, 0.10936925560235977, -0.5674747228622437]
    - [-0.10736115276813507, 0.9935281872749329, 0.03708457574248314]
    - [0.5678580403327942, 0.030660215765237808, 0.8225551843643188]
    t: [0.5901177525520325, -0.051361776888370514, 0.2503005862236023]
- frame: 53
  pose:
    R:
    - [0.8161771893501282, 0.10938779264688492, -0.5673527121543884]
    - [-0.10738369822502136, 0.993526041507721, 0.03707657754421234]
    - [0.5677354335784912, 0.030663376674056053, 0.8226397633552551]
    t: [0.589986264705658, -0.051348406821489334, 0.2501751184463501]
- frame: 54
  pose:
    R:
    - [0.8162969946861267, 0.10938796401023865, -0.5671801567077637]
    - [-0.10737160593271255, 0.9935271143913269, 0.03708306699991226]
    - [0.5675653219223022, 0.030628250911831856, 0.8227584362030029]
    t: [0.5898227095603943, -0.05133150890469551, 0.25002148747444153]
- frame: 55
  pose:
    R:
    - [0.8163712620735168, 0.10937106609344482, -0.5670766234397888]
    - [-0.10737618803977966, 0.9935282468795776, 0.03703981265425682]
    - [0.5674577355384827, 0.03065228834748268, 0.8228317499160767]
    t: [0.5896212458610535, -0.05131037160754204, 0.24983537197113037]
- frame: 56
  pose:
    R:
    - [0.8164429664611816, 0.1093934178352356, -0.5669690370559692]
    - [-0.10740434378385544, 0.9935255646705627, 0.03703135624527931]
    - [0.5673491954803467, 0.030660947784781456, 0.8229062557220459]
    t: [0.5893755555152893, -0.051284197717905045, 0.2496122270822525]
- frame: 57
  pose:
    R:
    - [0.8165662884712219, 0.10938528925180435, -0.5667930245399475]
    - [-0.10742492973804474, 0.9935253262519836, 0.03697554022073746]
    - [0.5671678185462952, 0.03069472312927246, 0.8230300545692444]
    t: [0.5890793800354004, -0.05125211179256439, 0.2493474781513214]
- frame: 58
  pose:
    R:
    - [0.816656768321991, 0.10938557237386703, -0.5666626691818237]
    - [-0.10742919147014618, 0.9935254454612732, 0.03696128726005554]
    - [0.5670368075370789, 0.03069142997264862, 0.8231204152107239]
    t: [0.5887261629104614, -0.05121319368481636, 0.24903671443462372]
- frame: 59
  pose:
    R:
    - [0.8168030977249146, 0.10943364351987839, -0.5664423704147339]
    - [-0.10750912874937057, 0.9935184717178345, 0.03691558167338371]
    - [0.5668107867240906, 0.030744966119527817, 0.8232741355895996]
    t: [0.5883097052574158, -0.05116649344563484, 0.2486758530139923]
- frame: 60
  pose:
    R:
    - [0.8170510530471802, 0.10940901190042496, -0.566089391708374]
    - [-0.10750854760408401, 0.993520975112915, 0.03684961423277855]
    - [0.5664533972740173, 0.030751433223485947, 0.8235198259353638]
    t: [0.5878244638442993, -0.05111107602715492, 0.2482614368200302]
- frame: 61
  pose:
    R:
    - [0.8172850012779236, 0.10936327278614044, -0.5657605528831482]
    - [-0.10746327042579651, 0.9935272932052612, 0.03681288659572601]
    - [0.5661244988441467, 0.030711857602000237, 0.823747456073761]
    t: [0.5872653722763062, -0.05104607343673706, 0.24779100716114044]
- frame: 62
  pose:
    R:
    - [0.817520260810852, 0.10929380357265472, -0.565433919429779]
    - [-0.10741713643074036, 0.9935351610183716, 0.03673558682203293]
    - [0.5657933950424194, 0.030705202370882034, 0.823975145816803]
    t: [0.5866289138793945, -0.050970759242773056, 0.24726329743862152]
- frame: 63
  pose:
    R:
    - [0.8177652359008789, 0.1092149093747139, -0.5650948882102966]
    - [-0.10735486447811127, 0.9935445189476013, 0.03666428476572037]
    - [0.5654512047767639, 0.03068290650844574, 0.8242108821868896]
    t: [0.585912823677063, -0.05088457465171814, 0.24667862057685852]
- frame: 64
  pose:
    R:
    - [0.8181379437446594, 0.10908746719360352, -0.5645797252655029]
    - [-0.1072477325797081, 0.9935598969459534, 0.03656082600355148]
    - [0.5649320483207703, 0.03063809685409069, 0.8245683908462524]
    t: [0.5851168036460876, -0.05078723654150963, 0.24603889882564545]
- frame: 65
  pose:
    R:
    - [0.8184535503387451, 0.10885545611381531, -0.5641670227050781]
    - [-0.10700774937868118, 0.9935889840126038, 0.03647273778915405]
    - [0.5645204186439514, 0.03051900677382946, 0.8248547315597534]
    t: [0.584242582321167, -0.05067874491214752, 0.2453477680683136]
- frame: 66
  pose:
    R:
    - [0.8184676766395569, 0.10876838117837906, -0.5641632080078125]
    - [-0.1068997010588646, 0.9936004877090454, 0.03647590056061745]
    - [0.5645202994346619, 0.03045453317463398, 0.8248571753501892]
    t: [0.5832937955856323, -0.05055944621562958, 0.24461039900779724]
- frame: 67
  pose:
    R:
    - [0.8184481859207153, 0.10876353085041046, -0.5641922950744629]
    - [-0.1068808063864708, 0.9936017394065857, 0.036496832966804504]
    - [0.5645520091056824, 0.030430566519498825, 0.8248363137245178]
    t: [0.5822762250900269, -0.05043003708124161, 0.24383319914340973]
- frame: 68
  pose:
    R:
    - [0.8185575008392334, 0.10871781408786774, -0.5640425682067871]
    - [-0.10677089542150497, 0.9936110377311707, 0.03656656667590141]
    - [0.564414381980896, 0.030291492119431496, 0.8249356746673584]
    t: [0.5811973214149475, -0.05029154568910599, 0.24302342534065247]
- frame: 69
  pose:
    R:
    - [0.8186985850334167, 0.10862091183662415, -0.5638566017150879]
    - [-0.10660137236118317, 0.9936268925666809, 0.03663036227226257]
    - [0.564241886138916, 0.030118659138679504, 0.8250600099563599]
    t: [0.5800657868385315, -0.05014527589082718, 0.24218867719173431]
- frame: 70
  pose:
    R:
    - [0.8187558054924011, 0.10853512585163116, -0.563789963722229]
    - [-0.1064743772149086, 0.9936394095420837, 0.036659520119428635]
    - [0.5641827583312988, 0.03001398965716362, 0.8251042366027832]
    t: [0.5788912773132324, -0.049992747604846954, 0.2413363754749298]
- frame: 71
  pose:
    R:
    - [0.8186793923377991, 0.10851685702800751, -0.5639044046401978]
    - [-0.10639745742082596, 0.9936444163322449, 0.036746956408023834]
    - [0.5643081665039062, 0.029914019629359245, 0.8250221014022827]
    t: [0.5776837468147278, -0.04983556643128395, 0.24047322571277618]
- frame: 72
  pose:
    R:
    - [0.8187103867530823, 0.10855241119861603, -0.5638525485992432]
    - [-0.10636530816555023, 0.9936439394950867, 0.03685371205210686]
    - [0.5642692446708679, 0.029801834374666214, 0.825052797794342]
    t: [0.5764527320861816, -0.04967530071735382, 0.23960481584072113]
- frame: 73
  pose:
    R:
    - [0.8187233805656433, 0.1085677295923233, -0.5638306736946106]
    - [-0.1062653586268425, 0.9936481714248657, 0.03702564164996147]
    - [0.5642691850662231, 0.029601914808154106, 0.8250600099563599]
    t: [0.5752071738243103, -0.04951335862278938, 0.23873530328273773]
- frame: 74
  pose:
    R:
    - [0.8187134265899658, 0.10860898345708847, -0.5638372302055359]
    - [-0.10620099306106567, 0.993648886680603, 0.03719338774681091]
    - [0.564295768737793, 0.029429346323013306, 0.82504802942276]
    t: [0.5739547610282898, -0.04935085400938988, 0.23786725103855133]
- frame: 75
  pose:
    R:
    - [0.8189882636070251, 0.1085016056895256, -0.5634586215019226]
    - [-0.10601385682821274, 0.9936666488647461, 0.03725263476371765]
    - [0.563931941986084, 0.029224945232272148, 0.8253040313720703]
    t: [0.5727016925811768, -0.04918850213289261, 0.23700155317783356]
- frame: 76
  pose:
    R:
    - [0.8193256258964539, 0.10831442475318909, -0.5630040764808655]
    - [-0.10570324957370758, 0.9936962127685547, 0.03734654188156128]
    - [0.563500165939331, 0.02891238033771515, 0.8256098628044128]
    t: [0.571452260017395, -0.04902656748890877, 0.23613758385181427]
- frame: 77
  pose:
    R:
    - [0.8195227980613708, 0.1081937775015831, -0.5627401471138]
    - [-0.10551051795482635, 0.9937146902084351, 0.03739819675683975]
    - [0.5632494688034058, 0.028726335614919662, 0.8257874250411987]
    t: [0.5702093839645386, -0.048864856362342834, 0.23527337610721588]
- frame: 78
  pose:
    R:
    - [0.8199211359024048, 0.108082115650177, -0.5621811151504517]
    - [-0.10535204410552979, 0.9937314987182617, 0.037397630512714386]
    - [0.5626990795135498, 0.028563816100358963, 0.8261681795120239]
    t: [0.5689738988876343, -0.048702750355005264, 0.23440590500831604]
- frame: 79
  pose:
    R:
    - [0.8204078674316406, 0.1078730896115303, -0.5615107417106628]
    - [-0.10511189699172974, 0.993759274482727, 0.03733721747994423]
    - [0.5620341300964355, 0.02838970720767975, 0.8266266584396362]
    t: [0.5677452683448792, -0.048539310693740845, 0.2335314005613327]
- frame: 80
  pose:
    R:
    - [0.8207261562347412, 0.10768793523311615, -0.561081051826477]
    - [-0.10486731678247452, 0.9937849640846252, 0.037340957671403885]
    - [0.5616151094436646, 0.028192363679409027, 0.8269181847572327]
    t: [0.5665216445922852, -0.04837340861558914, 0.23264573514461517]
- frame: 81
  pose:
    R:
    - [0.821056604385376, 0.10755586624145508, -0.5606225728988647]
    - [-0.10468380153179169, 0.9938039779663086, 0.03734798729419708]
    - [0.5611659288406372, 0.028023289516568184, 0.8272287845611572]
    t: [0.565299928188324, -0.04820390045642853, 0.2317446917295456]
- frame: 82
  pose:
    R:
    - [0.8214839696884155, 0.10739145427942276, -0.5600278377532959]
    - [-0.10448876023292542, 0.9938260912895203, 0.037306345999240875]
    - [0.5605766773223877, 0.027870049700140953, 0.8276333808898926]
    t: [0.5640763640403748, -0.048029784113168716, 0.23082447052001953]
- frame: 83
  pose:
    R:
    - [0.8219146728515625, 0.10726720094680786, -0.5594192743301392]
    - [-0.10433591902256012, 0.9938433766365051, 0.03727361932396889]
    - [0.559973418712616, 0.027731793001294136, 0.8280462622642517]
    t: [0.5628467202186584, -0.047850389033555984, 0.2298821061849594]
- frame: 84
  pose:
    R:
    - [0.8223349452018738, 0.10712091624736786, -0.5588294267654419]
    - [-0.10420405864715576, 0.9938610196113586, 0.03717174753546715]
    - [0.5593806505203247, 0.0276646688580513, 0.8284490704536438]
    t: [0.5616069436073303, -0.04766547679901123, 0.22891588509082794]
- frame: 85
  pose:
    R:
    - [0.8228957653045654, 0.10689467191696167, -0.5580466985702515]
    - [-0.1040339395403862, 0.9938862919807434, 0.03697192296385765]
    - [0.5585871338844299, 0.027631765231490135, 0.8289854526519775]
    t: [0.5603533387184143, -0.047475334256887436, 0.22792570292949677]
- frame: 86
  pose:
    R:
    - [0.8236490488052368, 0.10655775666236877, -0.5569988489151001]
    - [-0.10377142578363419, 0.9939240217208862, 0.03669500723481178]
    - [0.5575246810913086, 0.027576755732297897, 0.8297022581100464]
    t: [0.5590832829475403, -0.047280773520469666, 0.22691333293914795]
- frame: 87
  pose:
    R:
    - [0.8245768547058105, 0.10596226155757904, -0.5557383298873901]
    - [-0.10334819555282593, 0.9939870238304138, 0.036179959774017334]
    - [0.556230366230011, 0.027601391077041626, 0.8305696845054626]
    t: [0.5577952861785889, -0.04708302766084671, 0.22588232159614563]
- frame: 88
  pose:
    R:
    - [0.8255269527435303, 0.10548996180295944, -0.5544160008430481]
    - [-0.10298847407102585, 0.9940385222434998, 0.03578779473900795]
    - [0.5548861026763916, 0.02755466289818287, 0.8314698338508606]
    t: [0.5564891695976257, -0.04688359051942825, 0.22483767569065094]
- frame: 89
  pose:
    R:
    - [0.8262349367141724, 0.10506579279899597, -0.5534411072731018]
    - [-0.10256601125001907, 0.9940890669822693, 0.0355975367128849]
    - [0.5539097785949707, 0.027352310717105865, 0.8321272730827332]
    t: [0.5551660656929016, -0.046683989465236664, 0.22378522157669067]
- frame: 90
  pose:
    R:
    - [0.8265566825866699, 0.10504695773124695, -0.5529639720916748]
    - [-0.10246305912733078, 0.9940962791442871, 0.03568998724222183]
    - [0.5534486174583435, 0.027158580720424652, 0.8324403762817383]
    t: [0.5538281798362732, -0.046485550701618195, 0.22273078560829163]
- frame: 91
  pose:
    R:
    - [0.826880693435669, 0.10516362637281418, -0.5524571537971497]
    - [-0.10248824954032898, 0.9940885901451111, 0.03583337366580963]
    - [0.5529597997665405, 0.02699044719338417, 0.8327706456184387]
    t: [0.5524781346321106, -0.046289198100566864, 0.22167937457561493]
- frame: 92
  pose:
    R:
    - [0.8273302316665649, 0.10522441565990448, -0.5517721176147461]
    - [-0.10244167596101761, 0.994088351726532, 0.03597366437315941]
    - [0.5522955656051636, 0.026762360706925392, 0.8332186937332153]
    t: [0.5511185526847839, -0.04609532281756401, 0.22063453495502472]
- frame: 93
  pose:
    R:
    - [0.8277117609977722, 0.10531304776668549, -0.5511826872825623]
    - [-0.10248129069805145, 0.9940817952156067, 0.03604035824537277]
    - [0.5517162084579468, 0.026654887944459915, 0.8336058259010315]
    t: [0.5497516989707947, -0.045903779566287994, 0.2195979505777359]
- frame: 94
  pose:
    R:
    - [0.8281311988830566, 0.10535959899425507, -0.5505434274673462]
    - [-0.10250550508499146, 0.9940789937973022, 0.036051195114851]
    - [0.5510819554328918, 0.02657860703766346, 0.8340277075767517]
    t: [0.5483789443969727, -0.045713961124420166, 0.2185695469379425]
- frame: 95
  pose:
    R:
    - [0.828762412071228, 0.10528099536895752, -0.5496079325675964]
    - [-0.102430060505867, 0.9940897226333618, 0.03596850484609604]
    - [0.5501464009284973, 0.02648702636361122, 0.834648072719574]
    t: [0.5470007658004761, -0.04552498087286949, 0.21754777431488037]
- frame: 96
  pose:
    R:
    - [0.829399585723877, 0.10513388365507126, -0.5486740469932556]
    - [-0.10229487717151642, 0.9941078424453735, 0.035852059721946716]
    - [0.5492104291915894, 0.026390861719846725, 0.8352672457695007]
    t: [0.5456165075302124, -0.045335859060287476, 0.21653014421463013]
- frame: 97
  pose:
    R:
    - [0.8300147652626038, 0.1049724593758583, -0.5477738976478577]
    - [-0.10214174538850784, 0.994127631187439, 0.035738952457904816]
    - [0.548308789730072, 0.02628672681748867, 0.8358626961708069]
    t: [0.5442246794700623, -0.045145682990550995, 0.21551379561424255]
- frame: 98
  pose:
    R:
    - [0.8307372331619263, 0.10476237535476685, -0.5467178821563721]
    - [-0.10197079181671143, 0.994151771068573, 0.03555538132786751]
    - [0.5472453832626343, 0.026212075725197792, 0.8365616202354431]
    t: [0.5428229570388794, -0.04495374113321304, 0.2144959568977356]
- frame: 99
  pose:
    R:
    - [0.831508219242096, 0.10441196709871292, -0.5456116795539856]
    - [-0.10167025029659271, 0.9941912889480591, 0.03531048446893692]
    - [0.5461292266845703, 0.02611151710152626, 0.8372939229011536]
    t: [0.5414085984230042, -0.04475953429937363, 0.21347415447235107]
- frame: 100
  pose:
    R:
    - [0.8320366740226746, 0.10426145792007446, -0.544834315776825]
    - [-0.10146798193454742, 0.99421226978302, 0.03530052676796913]
    - [0.5453614592552185, 0.025911910459399223, 0.8378003239631653]
    t: [0.5399783849716187, -0.044562749564647675, 0.21244637668132782]
- frame: 101
  pose:
    R:
    - [0.8323355317115784, 0.10428886115550995, -0.5443724989891052]
    - [-0.1013951376080513, 0.9942148923873901, 0.03543668985366821]
    - [0.5449188947677612, 0.025701509788632393, 0.8380947709083557]
    t: [0.5385289192199707, -0.04436318203806877, 0.21141092479228973]
- frame: 102
  pose:
    R:
    - [0.8328913450241089, 0.10431358963251114, -0.5435169339179993]
    - [-0.10136006772518158, 0.9942166209220886, 0.035488106310367584]
    - [0.5440754890441895, 0.025533178821206093, 0.8386476635932922]
    t: [0.5370566844940186, -0.04416067153215408, 0.21036647260189056]
- frame: 103
  pose:
    R:
    - [0.8336451649665833, 0.10428382456302643, -0.5423658490180969]
    - [-0.10137061774730682, 0.9942204356193542, 0.03535250201821327]
    - [0.5429179072380066, 0.025508515536785126, 0.8393983244895935]
    t: [0.5355586409568787, -0.043955057859420776, 0.2093120664358139]
- frame: 104
  pose:
    R:
    - [0.8346382975578308, 0.10397782921791077, -0.5408951044082642]
    - [-0.10118501633405685, 0.9942520260810852, 0.03499249741435051]
    - [0.5414245128631592, 0.025524403899908066, 0.8403618335723877]
    t: [0.5340321660041809, -0.0437462255358696, 0.2082473337650299]
- frame: 105
  pose:
    R:
    - [0.8357618451118469, 0.10357721149921417, -0.5392345190048218]
    - [-0.10096226632595062, 0.9942917227745056, 0.034503642469644547]
    - [0.5397302508354187, 0.025605512782931328, 0.8414485454559326]
    t: [0.5324755311012268, -0.043534137308597565, 0.2071727216243744]
- frame: 106
  pose:
    R:
    - [0.8364500403404236, 0.10337445884943008, -0.5382053852081299]
    - [-0.10072842240333557, 0.994317889213562, 0.03443438932299614]
    - [0.5387068390846252, 0.025409933179616928, 0.8421099781990051]
    t: [0.5308884382247925, -0.04331893473863602, 0.20608970522880554]
- frame: 107
  pose:
    R:
    - [0.8370753526687622, 0.1034432053565979, -0.5372190475463867]
    - [-0.10081353038549423, 0.9943113327026367, 0.03437374159693718]
    - [0.5377187728881836, 0.0253855399787426, 0.8427419662475586]
    t: [0.5292720794677734, -0.04310100898146629, 0.20500090718269348]
- frame: 108
  pose:
    R:
    - [0.8380029201507568, 0.10334622114896774, -0.5357897877693176]
    - [-0.10077471286058426, 0.9943222403526306, 0.034173738211393356]
    - [0.5362793803215027, 0.025356365367770195, 0.8436595797538757]
    t: [0.5276294350624084, -0.04288101568818092, 0.20391002297401428]
- frame: 109
  pose:
    R:
    - [0.8390957713127136, 0.1030523031949997, -0.5341333746910095]
    - [-0.1005818098783493, 0.9943532943725586, 0.03383541479706764]
    - [0.5346040725708008, 0.025332948192954063, 0.8447228670120239]
    t: [0.5259649157524109, -0.042659830302000046, 0.2028215080499649]
- frame: 110
  pose:
    R:
    - [0.8399882316589355, 0.10283897817134857, -0.5327699780464172]
    - [-0.10042893886566162, 0.9943766593933105, 0.03360090032219887]
    - [0.5332295298576355, 0.025281162932515144, 0.845592737197876]
    t: [0.5242841839790344, -0.04243844375014305, 0.2017400562763214]
- frame: 111
  pose:
    R:
    - [0.8403060436248779, 0.1029985249042511, -0.5322378277778625]
    - [-0.10037902742624283, 0.9943698644638062, 0.033950094133615494]
    - [0.5327381491661072, 0.024897048249840736, 0.8459138870239258]
    t: [0.5225934386253357, -0.042217813432216644, 0.20067009329795837]
- frame: 112
  pose:
    R:
    - [0.8408909440040588, 0.10310366749763489, -0.5312928557395935]
    - [-0.10041719675064087, 0.9943631291389465, 0.03403503820300102]
    - [0.5318071246147156, 0.024731183424592018, 0.846504271030426]
    t: [0.5208991169929504, -0.04199874401092529, 0.1996152549982071]
- frame: 113
  pose:
    R:
    - [0.8417377471923828, 0.10302263498306274, -0.5299659371376038]
    - [-0.10031456500291824, 0.9943755865097046, 0.03397318720817566]
    - [0.530485212802887, 0.02456679381430149, 0.8473381400108337]
    t: [0.5192068815231323, -0.04178175330162048, 0.19857805967330933]
- frame: 114
  pose:
    R:
    - [0.8428022861480713, 0.10252052545547485, -0.5283689498901367]
    - [-0.09991202503442764, 0.994429349899292, 0.033581338822841644]
    - [0.5288684368133545, 0.024487987160682678, 0.848350465297699]
    t: [0.5175214409828186, -0.04156702756881714, 0.19755977392196655]
- frame: 115
  pose:
    R:
    - [0.8439344763755798, 0.10206262022256851, -0.5266477465629578]
    - [-0.099489226937294, 0.9944813251495361, 0.033299271017313004]
    - [0.5271399617195129, 0.02429337427020073, 0.8494311571121216]
    t: [0.5158461928367615, -0.041354451328516006, 0.19656053185462952]
- frame: 116
  pose:
    R:
    - [0.8450261354446411, 0.10162510722875595, -0.5249792337417603]
    - [-0.09905732423067093, 0.9945319294929504, 0.033074427396059036]
    - [0.5254697799682617, 0.024054279550909996, 0.8504721522331238]
    t: [0.514182984828949, -0.04114365205168724, 0.19557952880859375]
- frame: 117
  pose:
    R:
    - [0.8461456894874573, 0.10118205100297928, -0.5232588052749634]
    - [-0.09864935278892517, 0.9945816397666931, 0.03279847279191017]
    - [0.523742139339447, 0.023866849020123482, 0.8515424728393555]
    t: [0.5125324130058289, -0.04093411564826965, 0.19461534917354584]
- frame: 118
  pose:
    R:
    - [0.8472030162811279, 0.10085326433181763, -0.5216086506843567]
    - [-0.09829328209161758, 0.9946213364601135, 0.03266136720776558]
    - [0.5220970511436462, 0.023599810898303986, 0.852559506893158]
    t: [0.5108938813209534, -0.040725309401750565, 0.19366616010665894]
- frame: 119
  pose:
    R:
    - [0.8482413291931152, 0.100612111389637, -0.5199653506278992]
    - [-0.09809631109237671, 0.994648277759552, 0.03243354707956314]
    - [0.5204458236694336, 0.023495210334658623, 0.8535714149475098]
    t: [0.5092660784721375, -0.04051676020026207, 0.19272996485233307]
- frame: 120
  pose:
    R:
    - [0.8493977189064026, 0.10027217864990234, -0.5181399583816528]
    - [-0.09780748933553696, 0.994685709476471, 0.03215702623128891]
    - [0.5186108946800232, 0.023363865911960602, 0.8546910881996155]
    t: [0.5076470375061035, -0.0403081439435482, 0.1918046623468399]
- frame: 121
  pose:
    R:
    - [0.8505208492279053, 0.09994343668222427, -0.516357958316803]
    - [-0.09751767665147781, 0.9947222471237183, 0.031906429678201675]
    - [0.516821563243866, 0.023216944187879562, 0.8557782173156738]
    t: [0.5060345530509949, -0.04009932279586792, 0.19088800251483917]
- frame: 122
  pose:
    R:
    - [0.8515768647193909, 0.09971872717142105, -0.5146582722663879]
    - [-0.09733348339796066, 0.9947472810745239, 0.03168703243136406]
    - [0.5151147246360779, 0.023109540343284607, 0.856809675693512]
    t: [0.504426121711731, -0.03989032655954361, 0.18997760117053986]
- frame: 123
  pose:
    R:
    - [0.8527054786682129, 0.0995590090751648, -0.5128170847892761]
    - [-0.09722167998552322, 0.9947651624679565, 0.031466156244277954]
    - [0.5132653713226318, 0.023025579750537872, 0.8579210042953491]
    t: [0.5028194189071655, -0.03968134522438049, 0.1890709400177002]
- frame: 124
  pose:
    R:
    - [0.8540969491004944, 0.09917138516902924, -0.5105717182159424]
    - [-0.09698376059532166, 0.9948033690452576, 0.030989764258265495]
    - [0.5109917521476746, 0.023048901930451393, 0.8592765927314758]
    t: [0.5012122392654419, -0.03947262838482857, 0.18816529214382172]
- frame: 125
  pose:
    R:
    - [0.8556577563285828, 0.0986088216304779, -0.5080611705780029]
    - [-0.09658436477184296, 0.9948595762252808, 0.0304269939661026]
    - [0.508449912071228, 0.023035671561956406, 0.8607833981513977]
    t: [0.49960246682167053, -0.03926442191004753, 0.18725784122943878]
- frame: 126
  pose:
    R:
    - [0.857066810131073, 0.09814223647117615, -0.5057712197303772]
    - [-0.09617099910974503, 0.994909942150116, 0.030088141560554504]
    - [0.5061497688293457, 0.022852979600429535, 0.8621427416801453]
    t: [0.49798816442489624, -0.03905687481164932, 0.1863456815481186]
- frame: 127
  pose:
    R:
    - [0.858415424823761, 0.09781699627637863, -0.5035423040390015]
    - [-0.09590869396924973, 0.99494469165802, 0.029775071889162064]
    - [0.5039092898368835, 0.022734709084033966, 0.8634573221206665]
    t: [0.49636754393577576, -0.03884992375969887, 0.18542592227458954]
- frame: 128
  pose:
    R:
    - [0.8600122332572937, 0.09741874039173126, -0.5008877515792847]
    - [-0.09568522125482559, 0.9949824810028076, 0.029227061197161674]
    - [0.501221776008606, 0.022791923955082893, 0.8650186657905579]
    t: [0.49473896622657776, -0.038643255829811096, 0.184495747089386]
- frame: 129
  pose:
    R:
    - [0.8616731762886047, 0.09685059636831284, -0.49813589453697205]
    - [-0.09523052722215652, 0.9950405359268188, 0.028732486069202423]
    - [0.4984481632709503, 0.022679733112454414, 0.8666227459907532]
    t: [0.49310067296028137, -0.03843625634908676, 0.18355248868465424]
- frame: 130
  pose:
    R:
    - [0.8631914854049683, 0.09634657204151154, -0.49559837579727173]
    - [-0.09476938843727112, 0.995094358921051, 0.028389519080519676]
    - [0.4959023594856262, 0.022461960092186928, 0.8680877685546875]
    t: [0.4914507567882538, -0.038228053599596024, 0.18259374797344208]
- frame: 131
  pose:
    R:
    - [0.8644795417785645, 0.0959877297282219, -0.4934180676937103]
    - [-0.09443783760070801, 0.9951332211494446, 0.028132310137152672]
    - [0.4937170445919037, 0.022277526557445526, 0.8693372011184692]
    t: [0.48978710174560547, -0.03801758959889412, 0.18161749839782715]
- frame: 132
  pose:
    R:
